"2" "3" "4" "5" "6" "7" "8" "9" "10"
"1994" 726183.636 2403832.931 5047806.115 859106.956 53796.499 4290.488 4429.913 4788.428 9035.443
"1995" 404879.392 326188.446 992460.491 2839311.559 390441.716 25288.628 1605.636 2106.213 6609.627
"1996" 973883.37 399385.768 289333.099 779801.79 1422234.558 123692.059 10327.407 259.846 1517.318
"1997" 490242.802 1314718.331 437108.368 221310.052 479504.079 588034.584 38918.748 3942.851 1089.182
"1998" 1181066.385 380138.412 643293.415 153325.99 67096.319 109947.594 127117.794 10786.73 2294.008
"1999" 135404.179 391363.98 114681.513 108857.581 50780.036 19170.407 20493.964 25787.8 1181.314
"2000" 1570464.03 265392.675 396965.344 72315.452 67037.499 13007.082 2704.929 11138.4 6053.593
"2001" 2502236.09 3411207.988 496452.239 341707.309 19534.991 15603.818 1233.972 1082.793 5361.659
"2002" 2697088.572 2615819.789 1767565.144 194888.27 128118.818 13981.434 5442.42 257.871 6274.089
"2003" 1821594.186 970644.534 1377471.62 1065291.104 85912.832 41044.274 5368.343 1695.74 3023.819
"2004" 4517920.008 2134728.349 1031897.246 1031899.943 654572.134 81692.867 21804.443 4607.695 4245.145
"2005" 1210752.806 2659539.764 1522076.84 782826.428 738860.026 171373.696 4463.595 3590.16 1113.215
"2006" 13573385.149 2167756.652 2513700.4 759061.952 356580.983 214153.773 54534.137 3996.771 3854.892
"2007" 13888489.45 6300781.145 1119971.019 1289590.931 247075.468 102167.556 43442.554 12108.282 4383.509
"2008" 18861433.174 14407333.166 7181173.745 951453.961 577216.354 81999.691 31904.669 9075.533 5403.767
"2009" 1635051.981 7616083.589 6555082.429 3556043.214 352435.676 134064.31 23630.986 5447.253 8085.035
"2010" 326990.596 896873.147 3662081.988 3262007.729 1023393.863 93576.155 28959.185 8299.881 8148.713
"2011" 1794763.113 650580.097 1055673.155 3671961.487 3511085.211 553334.552 28809.842 7339.898 5905.509
"2012" 748995.941 2528364.591 386685.338 897580.364 2114089.898 1161742.022 195094.292 4404.129 10974.443
"2013" 3418541.02 1285040.259 1796471.624 266721.286 421316.123 1190729.193 701958.899 65203.862 3897.501
"2014" 353939.227 3338216.453 591963.979 855923.846 216766.227 342724.95 583358.354 238574.999 37821.592
"2015" 2346810.974 428510.405 2186124.149 353152.068 479255.981 101176.525 236034.827 189921.527 88048.905
"2016" 1348560.262 1957904.385 337236.311 993250.82 186286.213 188350.129 109803.479 170654.113 157624.325
"2017" 4903096.148 1969152.383 1358550.113 175279.165 675978.525 140229.501 162045.654 34085.826 241393.936
"2018" 7661344.43 4810363.832 1560565.193 729435.767 105548.426 194778.104 39272.38 38175.597 106118.082
"2019" 4344327.468 5148559.66 2314646.45 528348.195 252910.275 44665.241 36222.178 8957.075 31276.972
"2020" 2750806.171 6506107.555 6140947.595 1043767.909 176759.663 82641.657 19825.271 10299.461 27731.624
