"2" "3" "4" "5" "6" "7" "8" "9" "10"
"1994" 0.173 0.197 0.203 0.194 0.238 0.493 0.436 0.385 0.289
"1995" 0.152 0.16 0.173 0.165 0.228 0.442 0.871 0.777 0.515
"1996" 0.157 0.148 0.162 0.154 0.163 0.276 0.462 1.409 0.6
"1997" 0.672 0.593 0.548 0.499 0.291 0.217 0.29 0.502 0.652
"1998" 0.54 0.58 0.614 0.46 0.394 0.316 0.225 0.329 0.512
"1999" 0.155 0.149 0.189 0.205 0.272 0.335 0.376 0.374 0.885
"2000" 0.148 0.155 0.13 0.176 0.171 0.265 0.501 0.281 0.312
"2001" 0.322 0.357 0.434 0.193 0.271 0.253 0.669 0.694 0.317
"2002" 0.359 0.34 0.273 0.256 0.185 0.319 0.425 1.208 0.371
"2003" 0.36 0.52 0.544 0.383 0.316 0.312 0.473 0.648 0.456
"2004" 0.348 0.334 0.28 0.217 0.157 0.205 0.273 0.408 0.372
"2005" 0.306 0.286 0.309 0.264 0.223 0.211 0.526 0.582 0.786
"2006" 0.469 0.495 0.405 0.314 0.295 0.259 0.252 0.503 0.469
"2007" 0.464 0.609 0.759 0.582 0.402 0.345 0.277 0.357 0.444
"2008" 0.318 0.39 0.476 0.464 0.357 0.384 0.385 0.505 0.503
"2009" 0.231 0.252 0.281 0.306 0.274 0.275 0.393 0.629 0.517
"2010" 0.204 0.258 0.28 0.288 0.212 0.277 0.308 0.431 0.392
"2011" 0.159 0.202 0.312 0.279 0.257 0.247 0.416 0.655 0.579
"2012" 0.758 0.701 0.774 0.541 0.378 0.325 0.341 0.904 0.575
"2013" 0.586 0.67 0.626 0.465 0.395 0.245 0.255 0.339 0.863
"2014" 0.615 0.63 0.684 0.441 0.386 0.263 0.223 0.239 0.339
"2015" 0.513 0.473 0.36 0.333 0.22 0.273 0.239 0.223 0.288
"2016" 0.785 0.745 0.772 0.351 0.264 0.228 0.223 0.211 0.206
"2017" 0.401 0.395 0.359 0.363 0.235 0.262 0.236 0.313 0.196
"2018" 0.469 0.53 0.52 0.279 0.254 0.227 0.28 0.288 0.203
"2019" 0.336 0.413 0.497 0.434 0.276 0.285 0.241 0.358 0.212
"2020" 0.571 0.535 0.542 0.442 0.276 0.209 0.314 0.39 0.233
